op_num node1 node2 node3 node4 node5 node6 node7 node8 node9 node10 node11 node12 node13 node14 node15 node16 node17 node18 node19 node20 
10 3 4 2 4 2 3 3 4 2 2 2 4 4 1 5 5 2 2 2 5 
11 2 4 4 3 2 2 4 4 2 5 3 6 4 4 2 4 3 3 2 3 
12 4 5 3 2 2 4 4 4 3 4 3 6 1 3 3 2 4 2 1 3 
13 5 4 3 3 4 2 3 1 3 4 4 2 2 2 3 3 2 4 2 1 
14 5 3 2 2 3 4 4 4 4 5 2 2 2 3 3 4 2 4 2 3 
15 2 4 3 2 2 2 2 1 3 3 2 4 4 3 2 2 1 4 3 2 
16 2 3 2 1 2 5 2 2 3 3 3 4 4 3 2 1 3 2 4 4 
17 1 3 2 1 3 4 4 4 3 1 1 3 2 3 3 2 3 2 2 3 
18 1 2 2 4 2 3 5 3 4 4 4 3 2 3 2 3 3 3 3 3 
19 3 4 4 2 4 3 2 2 2 4 5 4 4 4 3 6 4 2 2 2 
20 2 4 4 1 2 4 2 2 4 2 5 2 4 3 3 4 3 3 2 1 
