op_num node1 node2 node3 node4 node5 node6 node7 node8 node9 node10 node11 node12 node13 node14 node15 node16 node17 node18 node19 node20 
10 0.485352 0.244141 0.47168 0 0 0.324219 0.313477 0.0253906 0.286133 0.56543 0.533203 0.231445 0 0.674805 0 0.00292969 0 0.303711 0.145508 0 
11 0.550781 0.0966797 0.0439453 0.47168 0.0634766 0.330566 0.0415039 0.260742 0.647461 0.183594 0.501953 0 0.160645 0.0541992 0.349121 0.0991211 0.333008 0.101074 0.357422 0 
12 0.301514 0 0.0234375 0.468262 0.547119 0.0512695 0 0.177979 0.0288086 0 0.622314 0.00366211 0.106689 0.474365 0.546387 0.625977 0.0222168 0.616699 0.0395508 0.168213 
13 0.176514 0.03125 0.0159912 0.355347 0.0321045 0.536621 0.108765 0.564331 0.247681 0.264526 0.21521 0.666463 0.218628 0.452759 0.474365 0.493164 0.689331 0.10144 0.506958 0.277588 
14 0.0964355 0.0149536 0.393127 0.737305 0.491211 0.00958252 0.480835 0.184814 0.285828 0.0783081 0.756013 0.0450033 0.726895 0.113403 0.0185547 0.357361 0.733887 0.10968 0.454468 0.390808 
15 0.749786 0.080719 0.096283 0.631897 0.00398284 0.521118 0.68924 0.827728 0.0884705 0.0593262 0.442047 0.091095 0.0727234 0.0839844 0.0501404 0.712402 0.352295 0.259949 0.0216064 0.671265 
16 0.722275 0.237915 0.501343 0.817139 0.00613403 0.0551758 0.685135 0.688904 0.0382385 0.0768585 0.532883 0.0601349 0.175247 0.245697 0.554062 0.802841 0.491638 0.509064 0.0723419 0.209366 
17 0.845306 0.0338287 0.00238037 0.950539 0.190147 0.0268478 0.0984573 0.0834122 0.133003 0.615974 0.692806 0.504044 0.00637054 0.125984 0.00402069 0.685402 0.0343018 0.0678787 0.0324478 0.139692 
18 0.940773 0.746655 0.00108337 0.347267 0.126541 0.528294 0.0376511 0.550449 0.000823975 0.35799 0.377266 0.501842 0.312861 0.130898 0.000576019 0.93605 0.000831604 0.499149 0.0453415 0.442135 
19 0.463303 0.124525 0.0612144 0.70307 0.0934887 0.376482 0.484232 0.877098 0.015646 0.0351315 0.155336 0.00121498 0.0511265 0.28186 0.000320435 0.182577 0.0665646 0.00282478 0.383923 0.797483 
20 0.731442 0.000916481 0.000555992 0.889953 0.000502586 0.127929 0.704372 0.922702 0.140519 0.502119 0.330036 0.504025 0.0666676 0.266311 0.0194941 0.484705 0.000654221 0.0641851 0.000349045 0.65028 
