op_num node1 node2 node3 node4 node5 node6 node7 node8 node9 node10 node11 node12 node13 node14 node15 node16 node17 node18 node19 node20 
10 0 0.210526 0.482759 0 0.617647 0.368421 0.2 0 0.263158 0 0.0909091 0.375 0.545455 0.478261 0.47619 0 0.3125 0.333333 0.666667 0 
11 0 0.210526 0.482759 0 0.617647 0.473684 0.571429 0.125 0.571429 0.384615 0.272727 0.222222 0.48 0.5 0.333333 0 0.333333 0.45 0.575 0 
12 0 0.263158 0.481481 0 0.619048 0.434783 0.230769 0 0.541667 0.0769231 0 0.411765 0.6 0.384615 0.423077 0 0.272727 0.391304 0.625 0 
13 0 0.4 0.586207 0 0.605263 0.5 0.266667 0 0.48 0 0 0.368421 0.461538 0.52381 0.47619 0 0.470588 0.5 0.621622 0 
14 0 0.333333 0.5625 0 0.675 0.458333 0.318182 0.0833333 0.538462 0.181818 0 0.315789 0.478261 0.368421 0.541667 0 0.478261 0.444444 0.666667 0 
15 0 0.388889 0.516129 0 0.615385 0.515152 0.315789 0 0.583333 0.230769 0.285714 0.454545 0.5 0.5 0.590909 0 0.4375 0.454545 0.645161 0 
16 0 0.423077 0.606061 0 0.688889 0.481481 0.466667 0 0.52381 0.357143 0.2 0.47619 0.555556 0.521739 0.380952 0 0.458333 0.555556 0.622222 0 
17 0 0.380952 0.538462 0 0.681818 0.409091 0.388889 0 0.518519 0 0.1 0.545455 0.565217 0.363636 0.416667 0 0.4 0.483871 0.651163 0 
18 0 0.444444 0.6 0 0.578947 0.551724 0.294118 0 0.521739 0.2 0.214286 0.44 0.571429 0.607143 0.62963 0 0.636364 0.708333 0.617647 0 
19 0 0.318182 0.540541 0 0.6 0.576923 0.304348 0.133333 0.478261 0.444444 0.181818 0.5 0.5625 0.5 0.538462 0 0.428571 0.548387 0.692308 0 
20 0 0.461538 0.631579 0 0.725 0.384615 0.428571 0.0909091 0.64 0.285714 0 0.481481 0.551724 0.606061 0.533333 0 0.615385 0.533333 0.666667 0 
